# Frame list with one line of data per frame:
#   FRAME_ID, RIG_ID, RIG_FROM_WORLD[QW, QX, QY, QZ, TX, TY, TZ], NUM_DATA_IDS, DATA_IDS[] as (SENSOR_TYPE, SENSOR_ID, DATA_ID)
# Number of frames: 55
27 1 -0.078936095087730931 -0.024966752650172421 0.40687051770352867 0.9097264072115685 0.14151307778977879 -0.65908826377446417 1.237283557129194 1 CAMERA 1 27
28 1 -0.092986927960428567 -0.031372781624588224 0.4063063267525816 0.90845162152006886 0.16424099919588064 -0.65369830157325159 1.3139990301649704 1 CAMERA 1 28
29 1 -0.10695116391579157 -0.037341891642307078 0.40583715623828281 0.90689758753789584 0.18443183076390332 -0.6485946911430589 1.3944187790686731 1 CAMERA 1 29
30 1 -0.12079713278089609 -0.043417040783386034 0.40513044047944996 0.90520292723701201 0.20457325531904114 -0.64214231742068817 1.4748633681383252 1 CAMERA 1 30
31 1 -0.13449083757738009 -0.049324563368197766 0.40417552302136994 0.9033944037056425 0.22417194836030194 -0.63425540892414045 1.5555032648990497 1 CAMERA 1 31
32 1 -0.14761151301003439 -0.055183142116854544 0.40331437145393767 0.90138958271754765 0.24358904675263252 -0.62799608566271947 1.6368468005401073 1 CAMERA 1 32
33 1 -0.16041408340468236 -0.060852805325333138 0.40226362078497746 0.89930430740791667 0.26279981652419315 -0.62069070871540244 1.7222065107139568 1 CAMERA 1 33
34 1 -0.17281849132758942 -0.066281318870405836 0.40127640703824385 0.89706064509515349 0.27997545367646753 -0.61290728523695481 1.8090317285089772 1 CAMERA 1 34
35 1 -0.18452469976854313 -0.07149770667835284 0.40026333312290113 0.8947781721032374 0.29714237368873359 -0.60410169772489308 1.8919379153866815 1 CAMERA 1 35
36 1 -0.19658539279239395 -0.076829911974988355 0.39910167330757451 0.89228314022493438 0.31457739681086688 -0.59502877059821813 1.9790439585701702 1 CAMERA 1 36
37 1 -0.20862532920613258 -0.082142560128590572 0.39791651402785072 0.88960132626535415 0.33215347257202443 -0.58595859567647857 2.066331198137521 1 CAMERA 1 37
38 1 -0.22069616272989923 -0.087256552147354768 0.39699031192476664 0.88661050642406125 0.34811673924021486 -0.57863658430697129 2.1540092316815209 1 CAMERA 1 38
39 1 0.99285112421494293 0.1193411611621182 -0.001531322551992948 0.0014097690744072735 0.071805021965071034 -1.7254120214124216 2.7909457717333885 1 CAMERA 1 39
40 1 0.99345138835709779 0.11423323993976597 -0.0015980048795487698 0.0015975746066211581 0.072158032580105183 -1.7508820332392276 2.8467042695167066 1 CAMERA 1 40
41 1 0.99400930353098804 0.10927058475545053 -0.0015325910231663066 0.0017592514879839402 0.072723375667397255 -1.7744818305751562 2.9031476828585787 1 CAMERA 1 41
42 1 0.994530197510475 0.10441908971916043 -0.0015428292889482565 0.0019898793387749789 0.073939751871470658 -1.7988362043222255 2.9597247395817257 1 CAMERA 1 42
43 1 0.99503648432161573 0.099473056209337232 -0.001599176841840747 0.0022245428028349287 0.074430787833444007 -1.8220180736030369 3.0167459799723977 1 CAMERA 1 43
44 1 0.99552487644322307 0.094456773421970772 -0.0015088205471273572 0.0024211150267198656 0.07496409902471976 -1.8424174499508572 3.0746240578408059 1 CAMERA 1 44
45 1 0.99601739253939003 0.089109843279788825 -0.0015252949156787806 0.0025422559089276504 0.075734250940165698 -1.8596223579019788 3.1341136955152313 1 CAMERA 1 45
46 1 0.99650347158046992 0.08349238056166694 -0.0015059340091772779 0.0027542111352673189 0.076784450892128167 -1.8735380327471616 3.1953968932950398 1 CAMERA 1 46
47 1 0.9969735878539423 0.077676889131807439 -0.0014113711825896862 0.0028238356587216569 0.077282864838902801 -1.8846762797995775 3.2576757816346045 1 CAMERA 1 47
48 1 0.99740174264458081 0.071967570803727746 -0.0013433582875173457 0.0029373305355515872 0.078130871251034628 -1.8935965270109347 3.3186582910082079 1 CAMERA 1 48
49 1 0.99778419829021192 0.066450574196009665 -0.0013083248695288892 0.0030501012139883274 0.078583954162387962 -1.9000562093802305 3.3777510664112822 1 CAMERA 1 49
50 1 0.99814105634734274 0.060855187941964366 -0.0013403942697861049 0.0030464861005119002 0.079633572727837318 -1.9030664218671756 3.4347035344817245 1 CAMERA 1 50
51 1 0.82548660150748177 -0.0039568936004974837 -0.42240555526250234 -0.37433909842285978 0.24258236331109634 -2.5955903384901311 0.098033432190839195 1 CAMERA 1 51
52 1 0.82627337199977546 -0.0040420040715590452 -0.42161452038583208 -0.37349320358880805 0.24121891784632568 -2.5946636626466972 0.098134496965415083 1 CAMERA 1 52
53 1 0.8271075364186764 -0.0040133528661033657 -0.42075876245850508 -0.3726111646375983 0.24012936041054039 -2.5935002528444269 0.097632877532538062 1 CAMERA 1 53
54 1 0.82785763286243441 -0.0040446307998826779 -0.42005009945761401 -0.37174358719250061 0.23868256513341829 -2.5925493450091275 0.097664031893913539 1 CAMERA 1 54
55 1 0.82860670424587712 -0.0040837363626782391 -0.4192921915345878 -0.37092898362655397 0.2368538965213271 -2.5915308897074221 0.097779843191717078 1 CAMERA 1 55
56 1 0.82942892884742614 -0.004140307805073613 -0.41844154004284123 -0.37005024984299884 0.23524285342293694 -2.5905855796171284 0.0979966394596129 1 CAMERA 1 56
57 1 0.83019429985793047 -0.004157972941635499 -0.41764656845220055 -0.36923092991313533 0.23354040637249615 -2.5897242438048869 0.097887024653896301 1 CAMERA 1 57
58 1 0.83097151582425721 -0.0041474892572259843 -0.41681057931444981 -0.36842649089492757 0.23168086628229545 -2.5889185641639907 0.097702895904554443 1 CAMERA 1 58
59 1 0.83177125280444142 -0.0041823865265687883 -0.41596499344586707 -0.36757613480563756 0.22992219176803977 -2.588234470352532 0.097756602372660928 1 CAMERA 1 59
60 1 0.83268762752861014 -0.0041598142838234018 -0.41499815192209305 -0.3665931597931773 0.22909179934958407 -2.5876538433430141 0.097217784428991733 1 CAMERA 1 60
61 1 0.96427241140500963 0.029617045819749097 0.19126896519642519 0.18088043054119393 0.46022970349881448 -2.036004466988361 -1.1919955346074653 1 CAMERA 1 61
62 1 0.9663022643334036 0.02951179840250915 0.18576977409266626 0.17572301708298391 0.4670846977135325 -2.0414054163885114 -1.1871967849341958 1 CAMERA 1 62
63 1 0.96835329147287419 0.029385953455774234 0.18003203578540666 0.17034328493987608 0.4742546989533647 -2.047245038062389 -1.1819087767279803 1 CAMERA 1 63
64 1 0.97018543875228302 0.029444068557636326 0.17471082094661258 0.16537651073829718 0.48253609701759376 -2.052185466324894 -1.1778459171618052 1 CAMERA 1 64
65 1 0.97183908559621734 0.029411634319713574 0.16981219830236086 0.16070956655367807 0.49150119576669421 -2.0571530911032947 -1.1736569348800552 1 CAMERA 1 65
66 1 0.97372379986613078 0.029313033568629947 0.16401544331969364 0.15524703536593587 0.4994235862026386 -2.0632662880241561 -1.168169633898682 1 CAMERA 1 66
67 1 0.97579100187113654 0.029293056394381917 0.15737586777920898 0.14901903823048954 0.50613481655753201 -2.069749889838107 -1.1621020569364182 1 CAMERA 1 67
68 1 0.9776092715258683 0.029194564715824493 0.15128940785639503 0.1433154028294796 0.51280004587776018 -2.0762017567546351 -1.1561742104235573 1 CAMERA 1 68
69 1 0.97951062311029891 0.029154418911066019 0.1446597452852052 0.1370493238438325 0.51926852909307952 -2.0830173722358145 -1.1498167190933113 1 CAMERA 1 69
70 1 0.9813559095683928 0.029148708221993912 0.13788107854252959 0.13068947832220634 0.52538945070293486 -2.0898352006025847 -1.1433389234178339 1 CAMERA 1 70
71 1 0.98314435850656745 0.029041918365918535 0.13097238210523274 0.12421744016046413 0.53119835415117944 -2.0969194240539024 -1.1360098687558395 1 CAMERA 1 71
72 1 0.24276250851814046 0.0032940383977799873 0.68561448818862547 0.68628586416657522 -0.36749179320478986 -2.57361654480352 5.3989123158516108 1 CAMERA 1 72
73 1 0.24106274366120151 0.019414135114135603 0.68829290428180512 0.68393327371288337 -0.44111083883250585 -2.5725684796619519 5.3549450688420333 1 CAMERA 1 73
74 1 0.25304493738203249 0.014599474376081813 0.6851878630467001 0.68284164148560977 -0.43143663317755326 -2.5622742794828701 5.3676600643384438 1 CAMERA 1 74
75 1 0.25838170863896504 0.019885614407861775 0.68424461689651173 0.68165442801215392 -0.45697608833833037 -2.558530098389816 5.3253632359905616 1 CAMERA 1 75
76 1 0.26427378708959054 0.02430526022321149 0.68456576957064885 0.67892438968927382 -0.48734423098180574 -2.5518084387473015 5.3293209336181766 1 CAMERA 1 76
77 1 0.26834460983358255 0.031721081148968072 0.68423247249169483 0.67735579053545059 -0.52555920979957038 -2.5428664253619178 5.3132124685045135 1 CAMERA 1 77
78 1 0.27334915995074927 0.037524801728273716 0.68417124610586844 0.67511616186506507 -0.55919217657130249 -2.5321561886369652 5.3193364437836026 1 CAMERA 1 78
79 1 0.27818820826831797 0.043376335819193701 0.68408850236363061 0.67286903272869414 -0.5921204220193359 -2.5225119755498349 5.3183437095429733 1 CAMERA 1 79
80 1 0.28296103474530826 0.04926756920603996 0.6839565934527756 0.67060356225781204 -0.62418156270735525 -2.5126607343459262 5.3172774976372947 1 CAMERA 1 80
81 1 0.28740524316536403 0.054770792346855987 0.68390829191265645 0.66833212907944817 -0.65240770141122195 -2.5011989126048175 5.3227400621172309 1 CAMERA 1 81
